Sequence 1
setraw 65 65 115 115 115 115 65 65 135 95 85 45 90 90 90 90 
setraw 120 90 60 90 60 90 120 90 110 70 110 70 90 90 90 90 
setraw 115 115 65 65 65 65 115 115 85 45 135 95 90 90 90 90 
setraw 60 90 120 90 120 90 60 90 110 70 110 70 90 90 90 90 

Sequence 2
setraw 110 110 70 70 70 70 110 110 110 70 110 70 90 90 90 90 
setraw 90 110 110 90 110 90 90 110 110 70 110 70 90 90 90 90 
setraw 50 70 130 110 130 110 50 70 110 70 110 70 90 90 90 90 
setraw 70 70 110 110 110 110 70 70 110 70 110 70 90 90 90 90 
setraw 90 70 90 110 90 110 90 70 110 70 110 70 90 90 90 90 
setraw 110 90 70 90 70 90 110 90 110 70 110 70 90 90 90 90 

Sequence 3
setraw 105 90 75 90 105 90 105 90 140 100 140 100 120 120 120 120 
setraw 105 90 75 90 105 90 135 120 140 100 140 100 120 120 120 120 
setraw 105 90 75 90 105 90 105 120 140 100 140 100 120 120 120 120 
setraw 75 90 105 90 125 90 95 120 80 40 80 40 60 60 60 60 
setraw 75 90 105 90 155 120 95 120 80 40 80 40 60 60 60 60 
setraw 45 60 75 60 125 90 65 90 80 40 80 40 60 60 60 60 
setraw 95 50 65 50 115 80 55 80 80 40 80 40 60 60 60 60 
setraw 125 80 65 50 115 80 55 80 80 40 80 40 60 60 60 60 
setraw 115 70 55 40 125 70 65 70 80 40 80 40 60 60 60 60 
setraw 145 70 25 40 155 70 35 70 140 100 140 100 120 120 120 120 
setraw 145 70 75 40 155 70 35 70 140 100 140 100 120 120 120 120 
setraw 145 70 105 70 155 70 35 70 140 100 140 100 120 120 120 120 
setraw 145 70 75 90 155 70 35 70 140 100 140 100 120 120 120 120 
setraw 130 70 90 90 120 70 30 70 110 70 110 70 90 90 90 90 
setraw 90 90 90 90 90 90 90 90 90 90 90 90 0 0 0 0 

Sequence 4
setraw 84 84 96 96 96 96 84 84 116 76 104 64 90 90 90 90 
setraw 124 84 136 96 56 96 44 84 116 76 104 64 90 90 90 90 
setraw 124 84 136 96 176 156 44 84 116 76 104 64 90 90 90 90 
setraw 124 84 136 96 176 156 14 84 116 76 104 64 90 90 90 90 
setraw 124 84 136 96 176 156 64 84 116 76 104 64 90 90 90 90 
setraw 124 84 136 96 176 156 14 84 116 76 104 64 90 90 90 90 

Sequence 5
Sequence 6
Sequence 7
Sequence 8
Sequence 9
